,metric,value
10130,Average Generated Expression Length,
10131,Average Generated Expression Number of Tokens,
10132,Success,0.0
10133,Lose,0.0
10134,Aborted,1.0
10135,Main Score,
10136,Request Count,1.0
10137,Violated Request Count,1.0
10138,Parsed Request Count,0.0
10139,Request Success Ratio,0.0
33384,Played,0.0
