turn,Changed Cell Count,F1,Generated Expression Length,Generated Expression Number of Tokens,Parsed Request Count,Precision,Recall,Request Count,Violated Request Count
0,5.0,14.0,41.0,10.0,2.0,20.0,11.0,2.0,0.0
1,5.0,59.0,61.0,14.0,2.0,62.0,56.0,2.0,0.0
